107.0	220.9	1.018759872271598	20.337823267322218	-7.897313976578605
58.2	341.5	1.1111046047177502	20.81349855962327	-8.478609074340065
125.7	33.3	0.8922515632246688	21.232614845803568	-8.258810587380616
112.8	235.3	0.9704762286579767	19.87172514190826	-7.938216940860161
25.0	217.8	1.0714009667654867	19.550129903681547	-9.374898040507132
38.0	167.4	0.9550996660653496	19.76080381521437	-9.121329650650774
105.7	14.3	1.0892363502523597	19.926101195963394	-7.895515082744477
104.1	54.2	0.9561586652744525	19.895321365748874	-7.896337387043108
91.5	150.9	1.0368312986807788	19.20751178520415	-7.976108684896776
54.4	289.4	1.0267383167129338	19.358722933037534	-8.591044843276364
81.5	229.6	0.9281927587125175	20.65554532336914	-8.070957350546461
52.8	353.9	0.8683978539546604	19.328887247999898	-8.64359990921439
132.2	346.9	1.0619474919907343	20.337346263393737	-8.525833860441663
72.0	316.9	0.9295513660301453	20.570517364134066	-8.185180820631011
121.8	61.0	0.9451934442461989	19.375260110367886	-8.127672487207725
28.5	19.4	1.0257475086516576	20.04620907976952	-9.331249481368577
112.3	124.7	0.9319213113193529	19.959285978771028	-7.932015952611115
97.3	141.5	0.8153565363852525	19.63223619039799	-7.928231666991018
104.6	196.0	0.9992611115476454	17.645199592274015	-7.895715243481589
169.9	268.0	1.0791194681417244	20.04309856773744	-9.712212983090112
83.7	122.2	0.9908673874311384	19.935783887765297	-8.049773427034232
108.1	179.8	1.1287712549970546	21.5055684238756	-7.900766197695304
85.8	248.2	0.9743783895811085	20.105428928004187	-8.028959984075652
76.8	159.8	0.8886012406964512	20.038937477490805	-8.122200987289803
20.6	311.4	0.901290666985632	20.152321034383984	-9.406254844498392
121.7	45.1	1.2409698309384802	19.494249825653906	-8.125454610401336
74.9	213.7	1.1535389155479867	20.532646460120652	-8.145421946854597
81.1	249.3	0.7467816012200866	18.86562295113551	-8.075043511001793
44.1	97.7	1.1695063497381144	20.519871804489902	-8.932799415483814
68.0	255.8	1.0219465861432107	20.326616012523182	-8.250974898238097
90.9	289.7	1.021692329203258	18.654146512658542	-7.981264278942036
54.9	156.1	1.1464274703604704	20.092680784856842	-8.577196907679541
47.6	287.0	1.0770677279259884	19.894502603758095	-8.8151749277385
98.3	217.6	1.1114036514260937	19.89995526877282	-7.921606031549692
60.1	112.0	0.9488067783096172	19.321561887456927	-8.425369847874041
20.1	93.4	1.0247753231771082	19.690020495216494	-9.408327476974234
88.9	343.7	0.8750928966869959	20.30965665459386	-7.999649971702419
48.5	255.5	1.0204852564672462	19.069705199280587	-8.785793426044009
156.0	83.2	1.0971066552867326	21.461495333753415	-9.49173527502069
95.2	60.9	0.9781229004246441	19.975731176299167	-7.9445043716588755
30.7	288.4	0.910304602108986	20.08361559996417	-9.29390424327227
63.6	182.8	0.8337146000572908	20.274381245784113	-8.339826651397326
162.1	58.8	0.8575744419068244	20.954255587042066	-9.621595363336331
92.1	326.1	0.895027513780973	20.21245508731107	-7.971198357815991
133.8	190.0	1.0076474120711019	21.781426665774006	-8.601966934650763
62.8	184.9	0.9687956420378308	19.16924661145838	-8.359013472387709
83.2	308.5	1.1639444744365264	18.486197248839357	-8.054132375073122
139.9	272.6	0.7592310258238824	20.02598799073755	-8.883668798820826
114.7	67.0	0.9990983052773664	20.742738945011176	-7.964463503575255
53.4	153.1	1.1266244296444345	20.094447276218506	-8.622559586940618
64.5	74.3	1.1653838632134594	19.039764223718628	-8.320547015999765
151.4	100.8	0.920878058372801	20.297973823707235	-9.35562327431024
29.0	70.2	1.0432898862967888	19.65357665520464	-9.324172482497726
111.2	195.2	1.0116018677930307	21.821883880618206	-7.9212596309525445
83.0	85.8	1.1359337532365306	21.63779837777003	-8.055789180467716
97.7	314.0	1.026070476790199	18.79319727968989	-7.925165073144713
82.2	158.9	0.972828700383571	19.98635098246931	-8.063891011487787
127.8	50.8	0.9504756834156405	19.393913577108385	-8.339915678735013
87.4	232.3	0.9623752268173014	19.823831016530324	-8.013695269474864
47.8	90.5	0.852392524014063	21.075638226221923	-8.81091887189305
83.7	272.7	1.0925809191148192	18.87699371683426	-8.049374510692216
58.2	132.4	1.0686642645335156	22.100327622092387	-8.477553160759458
70.2	149.1	0.9320687503488085	22.50724569999932	-8.212748421429234
70.1	226.3	1.0722517653023655	21.599622706283846	-8.21423684423321
52.8	281.9	0.9205974176985005	20.761970109999304	-8.642429053319375
110.6	336.1	1.045730868252757	19.253737786863134	-7.916207854412695
18.1	145.3	1.044399611472893	20.051616345013482	-9.413968813767665
131.3	205.9	0.8589893849578621	20.44663574411266	-8.487721431062859
147.9	271.2	1.103233663677602	20.474106228582922	-9.229669372493317
112.8	162.7	1.0096242923381897	21.01080062054127	-7.938389758082677
49.6	315.9	0.902297955079726	20.849688505626517	-8.749247784653793
79.9	152.7	0.9259584388807832	19.687374523553896	-8.087721914695594
129.8	177.3	1.0757295489418357	20.874886104590804	-8.424509449746004
79.4	102.9	1.0224307590369457	18.280090694583027	-8.09341549572561
161.3	174.7	0.967221787346763	20.13325197227057	-9.607984703160596
5.8	179.3	1.21925626432539	19.470658812151886	-9.400375844526721
148.5	166.2	1.0335298966978668	18.816992773950435	-9.250462382129564
74.2	193.7	0.8369229923733378	21.778631465112074	-8.153472107861678
20.8	23.6	0.9405483930663883	20.134869209229645	-9.405116275437186
64.9	72.6	0.9880765821351961	19.626913017249453	-8.311468361385778
53.6	135.9	1.0751745730531088	20.360116124207718	-8.61660760045244
120.8	93.5	0.9688316558632355	20.147904400513134	-8.099483765684376
70.0	83.5	1.076115336263504	19.99366508800457	-8.214843904273485
143.2	69.5	0.9781950215122543	19.844859068277295	-9.032776575085192
44.4	216.4	0.9333313540562506	21.752569671548425	-8.92289765140937
166.6	59.3	0.8431298614153767	20.33902548316062	-9.68263461386404
111.7	257.8	0.875489086694002	20.557715399906392	-7.9265779503905
80.8	176.3	0.804757530534198	20.071048603193915	-8.078295556557798
86.6	78.8	1.087446662447598	20.83862491481785	-8.021529774280479
35.1	59.0	1.037021365716322	20.453554659511635	-9.199468233989007
102.8	238.7	0.8053280325348185	20.413537889338397	-7.8990570208919655
88.5	291.5	0.8268282632405014	20.833474393306126	-8.003516949472113
11.3	43.8	0.9610996386989009	19.201615682535614	-9.411585338888386
81.1	183.3	0.892710311564672	20.89171978693347	-8.075752124419825
135.0	307.1	0.8950265882193513	22.35179712876143	-8.657958925971103
56.1	0.6	0.8039600859168998	20.479979928485697	-8.540144653309579
112.3	111.5	1.034600371062059	20.135846412779188	-7.932666755877158
131.5	60.1	0.9151052520717774	20.674245807118705	-8.498306037915174
25.4	147.4	1.0014735208322365	19.902831060347662	-9.371268612787286
100.7	175.3	0.9128432137681406	17.556691580019876	-7.907383485043871
45.3	153.9	0.9305724588434608	21.94031771931649	-8.893355163378265
55.7	90.4	0.9659004917948246	18.96052262546763	-8.55244827679196
111.4	328.7	1.0590125112706728	19.446317966510524	-7.923416623636328
126.9	97.5	1.0436614637860848	19.832030944439683	-8.306139046651383
141.0	159.5	0.8748525653873178	22.66168336401747	-8.933518283792809
17.3	169.5	1.174019826555323	19.06368540848435	-9.415264378464956
22.4	68.1	1.1240188421805668	20.057330257044494	-9.396365003372694
113.3	63.9	0.7256455596991708	20.877521894678623	-7.945400771132012
145.9	224.0	1.0452074763170007	21.201055759696803	-9.146705083647593
114.3	69.6	1.1122896144408505	20.856476592013923	-7.958669166527317
83.8	224.1	0.8634752107361693	21.386166818581916	-8.04830200547223
112.6	174.0	0.9568158278414525	18.739048647345395	-7.93590489054593
29.5	281.3	0.9236951733348042	21.680175219298615	-9.315044599882805
122.1	102.7	0.9823697033363753	20.899575424335534	-8.13797694533122
105.7	206.8	1.0663496222322566	19.52300969897125	-7.89553750244479
133.6	169.3	0.9744355631415597	19.61817333165719	-8.592684037316157
157.5	33.8	0.9803937842081356	20.444570231588816	-9.530164917099796
133.7	96.5	0.9818598522710134	21.922592548887216	-8.593761842404756
118.0	160.6	1.2563338617000286	20.512717585479816	-8.02935039160453
77.8	76.1	1.0189012815113252	19.744856099023572	-8.110783369514948
38.9	302.7	0.8693974646164971	19.83670718524267	-9.096308161962114
106.8	71.6	0.9502928289316506	21.417481050232496	-7.8969138493730595
75.8	86.1	1.008661823530094	20.480756738092364	-8.133842939381832
40.9	285.3	1.23153574770734	19.097058375611894	-9.0361006935489
27.5	91.8	1.0193490515266104	20.423749462588816	-9.34543251330882
26.9	123.6	0.9640757671238238	19.494651706549668	-9.353554945393075
84.3	260.1	1.019956116674801	21.197279965415408	-8.043198698574438
70.5	73.0	0.8354145622957021	18.683193551275924	-8.207021459731205
94.3	274.3	1.2603793356291204	21.585135391226675	-7.951783156414098
92.7	357.9	1.0981391086521255	20.801574601579773	-7.965152360100652
153.9	240.6	1.050767394131118	17.689765851721862	-9.43297831580692
77.4	151.6	0.9644982469848895	19.185132000818264	-8.115224335614466
69.2	230.7	0.9573325993664251	19.74765773797236	-8.22938036091167
72.0	156.5	1.016087507517065	20.711346590483902	-8.183957168120646
61.5	272.1	1.0917999973887444	19.670544265436376	-8.39111851046944
75.4	243.6	1.0171794163610195	20.94711064967347	-8.139065730892389
104.6	232.3	1.0997851748406209	19.271513988221418	-7.895686622006541
87.7	258.6	1.1873104425526826	18.768824582519713	-8.011211782884242
99.2	253.8	1.006789349643229	19.09863930313983	-7.915862717732362
62.8	341.4	1.0085475699058148	20.843117339245573	-8.35794435321663
101.8	205.8	1.060268340969778	18.673105341601435	-7.902751530186645
79.9	273.7	0.9231886569225422	19.450377568722583	-8.088207566160717
100.1	349.9	0.9801132314334635	20.736286766832098	-7.910747017427879
163.8	344.7	0.9958336266078204	19.92303662433643	-9.648217952235255
86.2	41.8	0.9039546068494421	20.572956678303584	-8.02555328971159
110.0	33.8	0.8226922791700367	19.811699482564556	-7.911162626834631
92.7	10.2	0.9227818739241958	19.625385706896054	-7.965328636710388
14.5	311.0	0.9423965082938284	19.580572360058976	-9.415936914078998
90.5	208.7	1.0715829734982674	19.513382306599507	-7.985267287712745
153.0	27.9	0.9308101914754096	19.437541512002305	-9.407917470932285
102.9	115.2	1.002295682078295	19.905562570168886	-7.898837595565549
81.2	170.1	1.0780882833252587	22.045590688128918	-8.074095141920713
109.3	273.2	1.135550312563792	17.151611087152247	-7.90700576661584
84.3	38.2	0.8933923449880624	20.039301994228197	-8.043175241214087
92.4	357.5	1.0703139856677186	21.590493034015775	-7.968336250891396
21.9	354.9	0.9304318435956612	17.092128798473393	-9.399726426107842
119.8	234.4	1.001126090827746	20.11262243071481	-8.073586363898155
37.7	306.6	0.9915006850823069	20.097920929317358	-9.132026091518126
78.7	222.3	1.0579453994867165	20.669015606159995	-8.100346799313172
29.2	331.9	0.8860463538520458	20.023190923462728	-9.32096489560674
118.9	166.3	0.9839353661336637	20.187700608894055	-8.04901460568977
40.0	23.4	0.8667208400905666	19.16265123333975	-9.063349924616945
100.8	87.4	1.1232731187016518	18.632249611074453	-7.907055010220496
114.7	245.7	1.0142312872780785	19.641632732078786	-7.964843835658537
129.9	321.6	0.9796083119996769	20.924479780773478	-8.42857139137002
87.3	52.8	0.9556086875153396	19.504249252798413	-8.014628267922541
150.2	115.6	0.9614060485024073	21.20946103098443	-9.31382171040396
43.5	308.5	1.0298265064083953	19.914393948986728	-8.954548365219212
92.8	321.4	1.162485387264595	19.100543125907393	-7.9643463096166975
92.6	118.4	1.067434775351523	20.25003442670201	-7.966279993940524
121.6	220.4	1.0423735726696752	21.432044288711193	-8.122062639108213
78.9	77.6	0.9849815316743014	19.948712180922247	-8.098522618560084
55.5	66.7	0.9552568662151684	19.754076268028705	-8.558058957360291
89.9	204.1	1.1048279494363613	20.213199812255557	-7.990274074274214
58.4	175.3	1.097105643381607	19.522806631427926	-8.473374196819714
104.0	86.5	1.0479800853570997	22.00332472704172	-7.896473843250438
41.5	150.0	1.0688434519346621	19.736314038696154	-9.019274877024607
133.4	125.3	0.8191252494218966	21.19457854073499	-8.584009133916116
23.2	81.2	1.0802745304839412	20.084998405224486	-9.390570768530303
77.1	69.1	1.0209594405201994	19.35782624288979	-8.118215422912366
127.2	64.9	1.1047295542207793	18.721144812721448	-8.317668484397878
17.9	2.7	0.9445796424608217	18.821478222450416	-9.414444632427761
92.3	121.5	0.893237611457913	19.276445604333677	-7.968925155780464
135.2	297.5	1.0889313794832678	19.031841632923868	-8.663728583092235
128.3	270.8	0.9410470182788726	21.60815620875303	-8.362472813569447
103.2	67.7	1.0730333604215883	20.59521821970571	-7.897985204584516
66.9	166.6	0.9616605387359526	18.84695468439576	-8.271522996679083
26.7	42.4	0.750576245879367	19.486568581874057	-9.355432819206206
8.1	78.8	0.8977307577801872	20.504793442469353	-9.404952595085144
21.1	54.8	1.1528135416520724	20.02647410638255	-9.403829394316523
56.0	29.4	1.0556746052636807	19.25551389236481	-8.543312466609827
155.8	297.7	1.0414566923277688	18.39624366806982	-9.487169424574706
148.6	346.1	0.8914275692051941	20.447750867288175	-9.256611953929257
40.4	340.9	1.0423639902782407	18.94859158120278	-9.050503789015474
157.4	237.5	1.2253419983489409	17.93680012048671	-9.528492085707608
66.9	202.2	0.9900613650379054	18.76029504564924	-8.270038594223001
78.8	2.7	0.9685047729574996	19.923517643874323	-8.099259954098184
83.1	202.3	0.9331046576906145	20.91366425355183	-8.054810120833055
59.7	274.7	1.0015936354895831	21.300282071924972	-8.437175385134204
91.9	192.6	1.021204942610901	21.696846451773247	-7.9721569888095924
104.0	245.9	1.0561177051661261	20.266631196448603	-7.896466464940928
86.4	21.0	0.8563055664814653	21.08537382791635	-8.02371968497608
109.2	96.3	0.9706848440657733	21.16015488982684	-7.906089706994366
96.0	225.4	0.9804876218680766	19.033201340415435	-7.937980978508103
84.8	282.3	1.0471092635513999	20.505608344521782	-8.039085996645696
93.1	134.3	1.0066742759454845	19.18182512707393	-7.96229106535964
50.0	242.5	1.034742803490073	19.603604734846424	-8.734346751982363
103.7	116.6	1.2435860594638906	19.122750691015494	-7.897061006743063
32.0	175.8	1.16364252990996	19.18018003430428	-9.269837274726594
77.7	254.3	1.0443076720503461	19.197664525452936	-8.112162994825105
31.5	270.3	0.7441386953443718	19.223677097406036	-9.27959676545545
136.0	186.1	1.0017028931649052	21.061791164549362	-8.700813399705103
114.0	204.9	1.0047812811934456	20.220644035480447	-7.955141976416992
104.3	146.8	1.032550276550021	20.180057148715303	-7.896079669717388
33.9	35.7	1.0698334455790943	17.82552035984552	-9.227128160792022
70.4	154.8	1.0332865266646651	20.917608730990192	-8.208866146364796
82.2	55.2	0.9325010108939714	21.262440831236365	-8.064315238934814
151.9	173.7	0.9870058932846751	21.32161267355673	-9.37330399014387
137.8	200.4	0.962050441020519	21.516469058386754	-8.784436161919388
89.6	211.6	0.8834325157185557	18.785862768962676	-7.99386010673547
142.5	99.7	0.9078827287303114	19.686559458314374	-9.002371732975767
141.3	29.5	1.0581597865908297	19.446976483411202	-8.945892539161449
31.5	202.1	0.8636289482283404	19.860831338867584	-9.279667366914072
12.7	51.2	1.015020660780457	18.326802006032406	-9.414053476691159
33.7	88.4	1.0165755653298247	19.88200612275202	-9.232929629607858
85.8	214.8	1.2108484679501836	20.405620312330775	-8.029143213788322
22.7	269.7	0.8563399268074233	20.266910938828286	-9.394327851851225
61.6	146.5	0.9104443913160484	19.8732553664834	-8.387347204183019
25.3	76.4	1.144956581047829	19.73700503141531	-9.372346861807065
107.9	329.4	0.9147609672748303	20.105556205350364	-7.900219790059744
66.7	305.1	0.9988397274755338	19.957386632763857	-8.274554837493303
108.0	200.5	1.0188862420260758	20.084775923529083	-7.900505722378377
67.8	20.5	1.0011999591282839	21.546159691880142	-8.253844100261373
77.5	85.4	1.065186490214968	20.807217348174788	-8.114373526870217
66.6	172.4	0.9255809403301412	20.13579940141067	-8.276970153714561
76.3	256.7	1.1727479886315364	21.263554632524006	-8.127516993448026
142.7	193.6	1.1296537523517367	18.725742167546507	-9.01220667173816
82.1	269.9	1.24668907468856	19.294636548753786	-8.065329866125806
80.5	151.7	0.9823541692725025	19.27389740355566	-8.081417052767241
171.0	334.5	0.9806607352722065	21.040381780268934	-9.72014680835376
34.2	246.3	1.0369172003303835	20.732858053007075	-9.22148816671532
61.5	125.2	0.8160693680485195	21.002192558229734	-8.390527545863943
64.4	29.9	0.8799238601316399	20.992505969927393	-8.322751569406156
146.1	351.9	1.2218262782302984	20.025399082396596	-9.156286350398547
153.8	170.4	0.8022234451640162	19.958141397555753	-9.432231582032724
90.3	161.2	1.1111196591733787	19.698194802651372	-7.987423158475032
112.7	317.5	0.9257648558384327	20.576307129694783	-7.937630158883281
78.8	311.6	1.139645381116361	21.523228323849857	-8.099806403084301
125.2	221.7	1.0209319097378977	18.79325162742392	-8.240241354389553
20.9	219.3	1.0468972343653846	20.822278155370693	-9.4047676466016
125.1	299.4	0.8904035467615341	21.28197700852634	-8.23782455501664
112.7	52.2	1.2462843720001209	18.827383187019063	-7.937136043076189
85.3	202.2	0.859724202378204	19.22914795562329	-8.033553592320127
54.3	121.7	0.8380928309218204	20.526893282672575	-8.593657385139068
135.1	314.7	1.135898754922523	20.355297215520103	-8.66275375523842
85.3	155.7	0.9175501134086368	19.978824040836518	-8.034402071400292
69.1	332.4	1.135609844115426	19.916143896980206	-8.230127141497526
42.5	344.0	1.0522066911497707	20.969749305438153	-8.986050068694407
101.3	272.9	0.9385806517510117	21.05899259885079	-7.904705620525823
93.9	67.3	1.1252598515717562	20.81043105901275	-7.95529767302762
76.2	284.2	1.062810767400752	18.734488298165534	-8.129403050732416
121.4	227.3	1.0148919418888116	20.625662291314317	-8.117047476366773
122.9	183.9	1.0548985026318263	20.997615264155996	-8.161429630785923
74.7	13.3	1.117119763933119	18.818524444157358	-8.147007377616784
103.9	111.2	1.0025787833738773	19.347214006391805	-7.896568268761332
79.9	314.2	0.9693639119788492	19.238340955872346	-8.087673189921048
94.0	154.3	0.9867525873192847	19.669939858373976	-7.954126912316453
111.7	175.7	0.9517511772632962	19.754058397151102	-7.92645959159994
128.6	185.6	0.9688625812179298	22.362120200624787	-8.370975985779342
103.9	219.8	1.034591309529806	19.698506673890073	-7.896615518966342
121.7	196.7	0.8419294841576789	18.57234765403404	-8.12699277613504
39.5	157.0	1.0973007636628271	19.930492947610293	-9.079122716624768
75.6	189.5	1.0652539627946975	20.488912026587982	-8.13673583516465
148.2	24.8	1.109778527247215	18.355867383630653	-9.241699159029176
52.0	295.6	1.0850715875311774	19.276064466162747	-8.669380461888244
133.1	131.2	1.0808825923391834	20.78824331947893	-8.569581073751285
121.2	118.3	1.0938049155460163	18.690233059390703	-8.110432824518888
113.6	260.6	0.9777497801924105	19.215186336054945	-7.948515352467934
111.9	188.7	0.7849884423936172	18.281466665711747	-7.927898107632965
101.3	34.2	1.074369464070426	18.36453243600637	-7.90483812426237
118.2	105.6	0.9474365048437852	18.54547963226863	-8.03338317731962
114.2	177.3	0.7193124867185825	20.246607632782684	-7.957771393129784
18.7	152.5	1.00875147115767	20.070918001887275	-9.412604765842428
86.1	111.0	1.0542304456217149	20.27125379916329	-8.026778632905536
168.9	97.9	1.0968394888972297	19.095542228292974	-9.704588655952714
101.8	344.5	0.8807335423625162	20.10141657733863	-7.902616719411632
86.6	211.4	1.0765997872157225	19.66868865992	-8.021760852608047
52.1	224.2	0.9814944809245547	20.321570763066095	-8.664612179555828
123.5	287.9	1.136640995093972	18.701947161233427	-8.183872115879375
60.8	271.5	1.3291285941261515	20.32997906891236	-8.407860433342723
62.5	148.6	1.0765749401355498	20.12554454365241	-8.364913552463975
93.2	143.8	0.9702205979767528	20.762691521935402	-7.961517943030188
143.5	228.8	1.1155404964933149	19.356313715214057	-9.048318563394238
139.4	42.0	0.958303901251915	20.160200414611563	-8.861199365772057
134.7	168.1	0.993469896575234	21.79531969723298	-8.643984307676805
18.0	185.3	1.1313912616113322	19.741349291885175	-9.414160811318316
101.0	296.3	1.0726597624304837	20.386451678230422	-7.906152128102233
67.6	269.8	1.0061996306518024	19.828364164144077	-8.25831224369378
40.4	34.6	1.101579236021883	19.28593500777483	-9.053271435320386
119.4	16.6	1.0916604538409702	20.40044249475965	-8.062474228582841
72.4	146.2	0.9969904697698678	16.792815529585024	-8.179400822017323
113.2	305.2	1.1867646546776622	19.843348040306587	-7.943781151419101
74.1	226.1	0.9255319790274666	18.90653113465274	-8.155322598370166
163.6	188.9	1.030702786679389	20.938002131604062	-9.646091237381771
149.6	246.4	1.1493178814427278	18.474554217463215	-9.294186539099284
84.0	338.1	1.0063829398156923	19.834294621492173	-8.046584092818955
97.3	277.5	0.9031405060967553	19.52896124990841	-7.927967607455511
91.2	102.5	1.0405936777415201	20.21280892390307	-7.978990916186265
121.3	102.4	1.1134036128522766	19.679159731801295	-8.11240249614416
63.4	94.2	0.8852272725180199	18.838958664880707	-8.344449591094689
27.7	187.7	1.1043817656793966	19.70392046119467	-9.343357874950023
89.0	96.3	0.9221899025689279	20.52032681168377	-7.998956184340906
128.3	290.3	1.1048372255607262	19.29360346231785	-8.359320444240717
151.3	166.8	1.1147468442169437	19.724226804047678	-9.35149313344967
97.1	244.6	0.9653286187586347	20.033770524114196	-7.9293561894108775
7.8	339.7	0.9609194002222297	19.068862137394245	-9.404468802826157
52.8	284.6	0.985928562707785	21.0925755195135	-8.642525658696814
127.8	301.6	0.9972745962843234	20.247172953893724	-8.340098043210968
83.8	195.4	1.035421672972006	19.161163350846287	-8.04821909642837
122.2	127.3	1.0241684763292536	19.269766565180955	-8.140766015806804
108.6	352.8	1.0598784422226144	21.74402147503491	-7.903162629282674
13.9	342.7	0.982931803069082	18.448412613770547	-9.415449570369677
42.8	176.7	1.1541724237465911	19.759091322418037	-8.97578088555391
116.8	350.3	0.9995096252591524	18.430261237434735	-8.003237179918354
59.8	324.0	0.9933700127016469	19.44587959464043	-8.43407725890336
159.0	220.8	0.9587688216692444	20.15403908959796	-9.56303110775026
30.5	185.8	1.0764653084367224	20.059132835097508	-9.298163641475556
96.7	156.5	0.8442588159978323	19.37184753036465	-7.93257719488572
91.4	118.2	0.9297111058735873	21.57929312427296	-7.976871882358145
84.3	166.1	0.9976528113327972	17.95905318704792	-8.043142957501104
170.3	92.3	1.0272643807871664	19.161913354113363	-9.715121868981463
155.5	272.4	0.9184407532358025	19.405309710981918	-9.478633325770636
18.7	58.2	0.9477515808467724	21.4410349889503	-9.412681114221895
69.1	309.6	1.0088783955061167	19.3376858088642	-8.229897675834245
128.2	339.7	1.057696903061069	18.570568656026545	-8.356271288545901
177.6	204.0	0.888660670457546	18.216849193257538	-9.744102223754759
75.2	307.1	0.8777702580976195	19.996848875845643	-8.140994834688126
108.1	204.0	1.077894459491597	18.757090594277333	-7.90075184287672
51.7	216.1	1.0081004498171224	20.1939773992864	-8.67918354058384
10.4	192.6	0.9623743748466533	22.07754849898615	-9.409901858606753
82.4	131.5	0.8722383417461206	19.482476238999222	-8.062104582058282
126.1	171.4	0.920168444062604	21.739253238838693	-8.275311276120323
84.0	6.3	1.0057944895073017	20.33978550221208	-8.046119750835741
44.7	255.8	1.0181865402963122	18.608047161750928	-8.91538397707078
64.2	102.3	1.045822667840938	19.905919394624366	-8.326250824613835
158.7	300.9	0.8983236070400334	20.244730960913333	-9.558329226303371
174.3	210.1	0.9804597233708018	20.90714942008434	-9.73577641808795
90.5	217.7	1.0814200797918314	19.050887265723848	-7.985012240216308
12.2	145.5	0.9816327428038256	22.01045524003515	-9.413232728102622
24.1	27.7	1.0311960640956992	19.338296967610745	-9.383565675605153
75.4	27.1	1.0801691638024822	19.717858124058953	-8.138206001392058
64.2	325.5	1.0698980413990093	19.61842732876304	-8.32724399408562
83.6	34.1	0.9519098623279181	19.26296709493914	-8.050065014210427
120.2	9.7	0.7935402817353014	20.981739201579465	-8.083742648056852
132.9	12.2	1.1496181857508299	18.30382429022134	-8.560503019887761
81.1	277.3	0.9056506049980739	21.103432467328734	-8.075626878062545
14.3	347.8	1.2924475875056134	20.769081523705466	-9.415800875276236
30.9	258.8	0.9522246771016699	19.92174288451429	-9.290933284240122
116.7	239.7	0.911813262728789	19.402460618311167	-8.000053789233084
152.8	173.6	1.0090645741751392	22.479274156102562	-9.399503081858954
152.7	159.4	1.0693917071344732	19.612013755053624	-9.39670872087723
101.3	134.0	1.072270849973067	21.08839089213111	-7.904867883262651
58.0	126.0	0.9930499176787149	20.0798862128743	-8.484528417445139
78.7	132.3	1.1995935726063656	21.313491626343524	-8.100319731987664
84.9	8.9	1.0745889520197973	21.59098651562068	-8.03762758484504
62.3	46.4	0.9310886436752195	19.140637380375342	-8.370260240593435
77.7	236.0	0.9596345680101287	20.708519211241036	-8.111403016450602
105.2	283.2	0.962030531320414	20.31568257997378	-7.895410801802847
79.6	262.0	0.9685242639254559	22.106934111747883	-8.090861394413066
109.3	331.9	0.9584987853993513	21.730495965210167	-7.90662831501485
79.8	105.4	0.897626697612184	19.560402490657655	-8.08916338923027
42.7	243.7	1.0580228929846234	20.616849810096426	-8.980454033177445
61.4	190.4	0.9506881614518702	20.529386090649453	-8.39148799393301
63.9	49.4	1.0135279772221688	21.577066583870327	-8.333195774602043
112.9	140.4	1.0210427623641842	19.658974883116574	-7.940267506284186
44.3	6.1	1.0213178346811067	19.08307877961239	-8.927680237067397
70.8	15.1	0.9694494396331564	19.727871283296874	-8.203520879751574
113.3	76.1	0.9711277018972441	19.682020588214954	-7.9451302632799665
113.7	20.0	0.9875368658949852	19.62261604045958	-7.950623970684939
89.8	57.5	1.0778183936887056	20.883123024805677	-7.991569629609336
146.8	212.0	1.2394383149530237	19.22024179163952	-9.186617278339071
22.8	302.3	0.8335076276790684	21.035495965703422	-9.393858231064796
119.9	127.7	1.0156525013409876	19.34145023825938	-8.075013726255252
133.3	105.3	0.9373639066777455	19.80598700519753	-8.578059935846891
160.7	124.5	0.9630221853422467	21.790675405022377	-9.598562955198371
123.2	312.1	0.9764943728095855	19.764447527643952	-8.171451850816826
89.7	21.6	0.9188852025139088	19.06163098520087	-7.992531003770549
14.0	253.5	0.9556497910716498	20.310130580609613	-9.415593831653633
29.2	283.4	1.0220476467303206	19.393177949631234	-9.320998479125622
62.6	20.1	0.9432457328866393	18.783494259481383	-8.363450528927148
26.4	226.6	0.9594307707787436	19.563145261654338	-9.359050626692884
112.7	238.2	0.8421994448564082	19.613561960769033	-7.9368902518203255
120.2	352.4	1.1001413016511408	20.721786282307644	-8.083389978588214
119.5	347.7	0.9578194934899718	21.437738324888475	-8.063495190961833
88.3	344.1	0.922436697590311	20.648507064980567	-8.006026762202138
130.7	222.0	0.8591110058281742	20.540147427562456	-8.46236854961927
121.1	329.1	1.0763093522571916	19.0039977298064	-8.107939438806957
91.6	83.7	1.249644218613975	20.13635430298916	-7.975208380544864
122.4	332.3	0.9835074188476622	19.426127015177894	-8.147346514593126
27.9	325.0	0.8682238938942745	19.458744554472275	-9.339720657757546
21.0	257.2	1.0465177161785781	19.183396022949946	-9.404135465043685
123.8	42.4	0.8644006383349576	17.570601958945282	-8.193384436746802
59.4	224.5	1.005585193466738	19.663826465615564	-8.445912926536618
96.7	236.0	1.1564918820608552	20.77301617247092	-7.932872185274981
67.4	310.1	0.9791493922471979	21.113299252370766	-8.262101166796535
138.4	199.8	0.9794242252996008	20.738972099305524	-8.813271244275334
123.1	95.7	0.9001238297936556	19.22296584888435	-8.168771218164897
23.9	41.1	1.1338113576148159	19.475641128096953	-9.38476528716871
96.5	64.2	1.0042875561514368	19.480744268471465	-7.934340802033863
67.0	149.2	0.963953497537082	21.79886913287435	-8.268681080435858
12.3	184.1	0.9173237135470341	20.19181115536784	-9.413362320149158
112.0	213.5	1.0114815603946226	20.726331661371447	-7.928917108600319
108.9	294.6	0.8285322657132865	20.8312591184499	-7.904478127196885
149.4	49.2	1.103025724482941	20.37253138062573	-9.284517839730404
83.9	188.9	0.9637450602144161	18.900820539204037	-8.047307358310041
78.9	30.7	0.948911380287352	19.1414052195864	-8.0987934798406
77.8	294.6	1.1382563003046149	19.444969391165063	-8.110503152128922
81.8	116.8	1.0993185395558291	20.18491235254869	-8.068190966598053
25.5	23.5	1.0613962374130141	20.41050700895133	-9.369420689902507
69.7	136.3	1.2345474865446469	20.555786235941362	-8.220696145097083
64.3	357.6	1.0540927568613119	20.701584826999472	-8.32366186884382
102.2	290.7	0.9190877352404827	19.450029636137323	-7.901049446141167
138.4	192.9	1.126235282492775	20.816742154886278	-8.815881383915757
136.4	59.3	0.9949000375030232	19.89455187551064	-8.718955205666823
72.2	316.4	1.094105092895953	18.054108261794124	-8.182034144389304
77.5	340.3	0.7938675082076521	20.44531572643922	-8.113661417395802
166.4	93.1	1.031069656764809	20.55454460872121	-9.680816402387352
81.8	24.1	1.018538472973652	19.550515413024637	-8.068033376452851
46.7	21.5	1.025029575460082	19.58942783567386	-8.846133040084089
57.0	5.5	1.1371544347245572	20.477779617972534	-8.513858185150783
117.3	328.5	1.0990985977533096	19.704559411162094	-8.012303330337899
163.5	91.4	0.9665894855019658	19.14363632321554	-9.643547040652102
160.0	119.4	1.2484895429680298	19.08079577104948	-9.58438559137917
66.7	67.8	0.9395063819867909	20.226577935289306	-8.27550414905062
169.0	331.6	0.8910387084249595	22.086814497697105	-9.705678635213209
77.5	333.4	1.0276845037636282	21.430357809765702	-8.113883944779895
63.5	115.7	0.880076287111407	19.72177824189246	-8.34206587981629
147.5	219.3	0.9730839817748362	21.131601261613913	-9.212787339756622
94.2	248.3	0.8717432329235968	20.708850462783936	-7.952284005309102
134.3	274.2	0.7783755441657869	18.41139364691518	-8.624723059928906
63.0	246.4	1.0724668066182277	19.31839574974461	-8.354490151963388
21.6	298.3	1.021932290777029	20.86500470033462	-9.401107543932078
77.6	333.1	0.8193326152807053	20.36931784676159	-8.112996665793128
7.2	115.8	1.2309849137465558	17.766341562863516	-9.40314284795035
158.6	66.1	1.0793288172243605	20.679766943360683	-9.554217130586595
26.7	289.7	1.0829489378357395	18.398196499312537	-9.35644199439026
145.2	260.3	0.8348224870954555	20.592528158045972	-9.120451896291659
56.4	252.4	0.8676107331614672	21.784164073298395	-8.531903512906927
41.8	333.4	1.0281285172293573	20.236925516240728	-9.007338898865104
47.7	280.1	0.9996693445141109	21.58894963663112	-8.8131473757434
40.4	133.6	0.8894776937384119	19.618897153410742	-9.052484527715034
91.5	19.3	1.1609627485499336	20.190226850771264	-7.975749357239095
118.7	107.1	1.0031858386281989	19.770958553836046	-8.045000356641511
15.0	353.5	0.9741097657225726	21.41286215526204	-9.416216246723211
89.2	171.3	1.061892958403606	19.283082444690578	-7.997431708699164
102.3	41.3	1.0085498756616071	20.478383078736996	-7.900590645887278
94.4	71.4	1.055224003496054	19.83417656280312	-7.950829962603717
122.4	130.9	0.9910228274230409	19.51942327585205	-8.147823029187697
81.5	200.0	1.087218925595208	23.185673333083272	-8.071243390532038
149.0	113.8	0.9097078782042465	19.395334587015228	-9.270553723648936
71.8	100.5	1.0576425506370757	17.78646234240775	-8.187917100732676
132.8	72.6	1.085541264860789	18.368988208457125	-8.5552405468496
71.5	60.4	0.9855887469542912	20.76499671122578	-8.19237380415729
82.1	150.9	0.9230141847732863	20.252381778276906	-8.064906202760017
64.4	54.1	0.9605114924956372	21.165150684184443	-8.322290211671293
84.2	257.2	0.9188683578555608	20.66757664355186	-8.044137298046431
105.6	189.7	1.2315195333523095	18.6371778785033	-7.895457818729305
36.2	336.2	0.9427010073210659	20.82856644051518	-9.17097329506166
110.3	191.5	0.8443773398447776	19.29947176705661	-7.91345221531785
68.6	74.6	0.9239553375460863	20.681750161671644	-8.238627471454846
151.1	67.6	1.0489990156759703	20.37643486348067	-9.344672894604388
34.6	46.2	1.205141417000493	19.427583096743312	-9.21053363090774
152.0	268.6	0.8670298226455975	21.49305703860883	-9.376542337806319
64.7	179.2	1.0104388134644413	18.594417551085115	-8.315139680146832
162.6	61.9	1.0465703272876261	18.367765254602407	-9.63093478037938
21.7	358.9	0.8405087608170213	20.2732712751985	-9.400855043774325
100.8	83.8	0.8749577601868601	19.661340067652407	-7.906839544386666
112.0	125.4	0.9929207690967823	18.3392490078427	-7.929204016943572
152.8	160.6	0.7967719169624489	20.14246790309733	-9.400333194355005
13.7	216.4	0.9151896594439675	20.345786138681014	-9.415225335137464
159.8	68.2	0.9692198003373177	19.320967986724924	-9.58086577333683
14.2	350.0	0.8607290763291011	20.517846401857636	-9.415739497289776
85.8	251.4	1.0989805480893153	20.269651890238155	-8.029020558460585
93.1	195.9	0.9430566775769589	17.96281719189112	-7.961850124562835
119.3	136.4	1.00646052296552	19.423019145344895	-8.059804134032735
126.0	320.5	0.8272560036589147	19.858631628743044	-8.271656629358688
32.5	233.9	0.9846828983452183	20.97776934776679	-9.259384627034288
45.9	111.3	1.0798655216983404	19.78552712112064	-8.87302291306683
167.6	175.9	1.0717956034938594	21.009821318633307	-9.693661039233202
128.8	24.4	0.8235487169517808	18.961969365563327	-8.381355582978905
109.0	302.7	0.987952469182733	19.936713212890872	-7.905074975257238
76.1	23.7	0.8789446979614997	21.27943802282708	-8.130473912860491
26.3	198.4	1.0807977730798488	19.599035626852285	-9.361180004354031
15.2	286.1	1.039244803882732	21.580541522095555	-9.416272295193593
84.8	179.3	1.001297955883682	21.79173892765814	-8.039184510381453
12.3	117.1	1.0050797328599264	20.265724770654362	-9.413455409185218
26.3	185.0	0.9702904063323835	18.444893834809513	-9.360937468073919
65.9	278.1	1.1323035778683976	18.536659934216292	-8.290158469835335
135.2	59.9	1.0677928006265534	22.448692813687522	-8.66703729581387
81.6	203.8	0.9490997778977556	19.6232574155086	-8.069840278994327
95.8	183.2	1.0247134782969993	19.676242890421076	-7.939143307645573
80.7	31.0	1.0326388804862938	20.166144353246274	-8.079007751073572
114.4	307.0	1.0469705042862802	20.569377330405537	-7.960302959273141
124.8	215.7	0.9297435579370226	20.40350079309897	-8.227033943762192
144.2	121.7	0.8856592154105827	22.693348261885486	-9.078857436863352
92.3	180.2	1.041223806946029	18.35076098816585	-7.969412032932759
130.8	187.4	1.1248499111563277	18.86772213035276	-8.464685692270018
101.7	121.1	0.8829639289061199	20.489309922345544	-7.90296550194584
90.1	324.1	0.9675047903300966	21.28233234352213	-7.9892210185499195
136.8	352.0	0.9659859672137642	20.251653499239385	-8.739208447911938
46.0	246.7	0.9171988559356655	19.845466842189488	-8.869442544825652
106.7	27.9	1.016018239206033	20.7523960661143	-7.896703258981303
93.9	220.2	1.116423381824257	21.879431072028115	-7.954959650170695
43.7	271.8	0.9920685691513845	22.060495947236934	-8.945821138782527
105.0	359.4	1.0983782991778828	19.624089929756273	-7.895474108432897
98.4	243.2	1.0718256401278783	18.539956683645148	-7.920953011748108
146.8	271.2	1.048430504877803	19.571567929293895	-9.185098941276136
62.5	267.3	1.078423778959462	19.54702069358564	-8.364568539834586
156.7	261.9	0.9757988383813304	20.013529364801524	-9.511080153493486
147.7	166.6	0.8697693445795086	19.65569741900417	-9.21894311489147
55.9	6.8	0.9838180096337199	20.62012692304282	-8.545757433384143
115.3	264.7	0.8689494944221967	19.227185791069974	-7.974854510355262
76.7	265.2	0.8234538916133793	19.467295194610074	-8.123088785106573
96.9	83.0	0.8034691803077953	19.413189129908968	-7.930837390724439
153.8	53.7	0.8356711766600714	21.487255218504288	-9.431461029667542
39.6	285.4	0.8381965792819579	21.754729998323704	-9.077162348051477
140.4	270.5	0.8937700996968266	19.990265095097563	-8.907343616100514
48.5	127.0	1.1164371010062666	19.14721625545651	-8.787649661132583
90.7	261.1	1.1467888248850695	19.028131976569227	-7.983341138517648
103.8	336.8	0.9227926833715332	19.889143551386432	-7.896755592160373
60.8	234.5	0.893822188880554	19.530650886499785	-8.407850070785045
100.9	99.2	1.1159985003919455	20.20946530993007	-7.906640294917906
44.2	256.7	1.0058737505837911	19.172272628738998	-8.930964584280883
31.1	321.0	0.9929738409452774	19.080494115480796	-9.286436107389557
142.4	115.9	1.0217858502273653	20.640500069055452	-8.997049380706763
127.1	128.3	0.8124828236404089	19.56657248147507	-8.31381863504182
57.8	23.5	0.8957964946741512	19.518759778596063	-8.490734903732347
55.9	61.2	0.7819838028565764	19.2470607169445	-8.546948088302432
34.4	170.2	0.7754204607470058	20.23413857000554	-9.215590534112845
169.1	71.0	0.8819477774954405	19.840780837193254	-9.706715359883535
67.7	177.2	0.7957593953377536	19.356821590324454	-8.256035647807309
96.4	245.0	0.9492037810157384	20.05716605504447	-7.93454653492774
87.5	111.8	0.9314593458465263	21.7043670805248	-8.013265031401076
74.3	345.8	0.895073712779665	20.237595359788678	-8.152764252793709
165.7	101.2	0.8893288418478849	20.797237341049062	-9.673419807318888
99.8	22.2	1.0231621468380132	19.031293259330504	-7.912012263724952
57.4	320.3	1.0254329195372318	21.324947905396723	-8.500177311273546
80.2	30.8	0.9246779461534134	19.959313808505982	-8.084322363802377
130.6	220.1	0.9556163435795006	21.198516954803644	-8.456533707157158
97.5	87.1	1.2957025394739388	19.463464512856493	-7.926466149924029
152.7	117.3	0.9640433237148701	20.860855882809208	-9.398402689328101
84.8	153.2	1.1214923358603375	19.19951318284582	-8.039181061916988
71.3	216.8	0.9268298458921645	18.74594141586347	-8.194627516126953
71.4	118.4	0.9343802558986711	18.787284295128043	-8.194063980857717
85.2	152.1	1.0120347266964194	19.725967701413825	-8.034467001617184
11.5	108.1	0.9660528860970539	22.929522120010493	-9.41196248231223
139.2	357.2	0.9728912902290966	19.616431955591406	-8.849586924577949
76.2	230.1	1.068973936000508	20.076562985080667	-8.129390223536882
96.0	46.2	0.932626294666756	20.631888104436158	-7.937677117294873
65.7	352.5	1.0712929317444655	21.184817954748663	-8.2939700443564
134.0	221.9	0.8481280130445739	19.207155453912225	-8.608638236499862
121.0	239.6	1.0378073466461208	19.134214770515072	-8.106433041076905
125.5	116.0	0.9440393672055301	18.87599130176093	-8.253411130722823
11.1	239.6	0.8240773265207938	19.794485377507137	-9.411328723979096
155.7	337.6	1.0706867316623236	18.936959929121887	-9.484969067060078
69.6	290.8	0.8565731679097426	18.878220775282653	-8.22196934314745
115.4	199.7	1.0741946977567884	18.284855743405338	-7.97707263214299
41.0	48.3	0.9287559112100721	19.050360583401794	-9.034896918081467
34.3	320.1	0.8283275084763714	21.2936729864308	-9.219469871740921
55.3	321.1	0.8594701977477935	20.14251650675983	-8.563431062701442
124.3	23.7	1.0610141745602237	18.700262664453437	-8.210505485521084
69.4	291.6	1.1894976337349232	17.55032693703812	-8.225271077019588
132.5	57.7	0.8438360017699694	20.39900018669662	-8.541176509559484
101.5	240.8	1.0944891442326243	19.939846715160144	-7.903976969344626
129.6	147.3	0.8372954979397421	20.04664225097433	-8.415005261637491
45.0	160.4	1.0940696578539149	19.735071920986538	-8.904209930115359
104.6	4.8	0.9029221306192268	19.78229540952992	-7.89574565004406
141.0	269.3	0.966585648453511	19.128392294774457	-8.93353224539263
72.1	171.3	1.020386497692695	19.43883903080037	-8.18335545164004
98.3	120.6	1.041364768295081	20.347511724802352	-7.921091274888445
16.5	240.4	0.8831925456177909	19.932748566284893	-9.416056512600427
113.9	58.1	1.0100268817611315	20.56265523429141	-7.953433101549211
139.2	317.8	1.0193414578793052	21.24677526938556	-8.849495750922133
116.4	82.0	0.930912254607613	19.035647778909954	-7.994085250115329
149.2	164.5	0.8378520035153623	19.07740573785857	-9.276176109491429
106.4	209.9	0.9500522562775627	21.035501290744428	-7.896225148106536
59.3	340.4	0.9469595415477953	19.898222345583918	-8.448616468851691
94.8	334.9	0.7420349776740534	20.044433973618588	-7.94766477076056
144.6	3.5	0.848519360842806	20.79702527245584	-9.093000582864809
161.7	278.6	0.7267892010239089	21.444488698407937	-9.615897609820278
78.2	36.9	1.009279219645045	21.01406635954818	-8.105537552872345
65.9	120.8	0.8418486313705366	20.100653967727272	-8.290698295741063
64.1	36.5	1.0465635972504819	19.3659697725148	-8.329225634691316
25.9	261.5	1.0519335405705683	21.091336965481762	-9.365112645724537
111.8	144.6	0.9706154947902496	18.45730676728499	-7.926665517982473
50.1	178.6	0.9167126420491205	20.51858233600945	-8.733370522117044
108.1	63.0	0.9551044284433233	21.589713766586183	-7.900836533107313
143.9	17.7	1.011493638279368	20.96056993773101	-9.065480169075377
105.2	285.1	1.024437402255649	20.0829347487981	-7.895418629505136
110.9	24.5	0.9386989329956325	19.422119397937205	-7.918199806863481
100.6	87.7	0.8282906966513318	20.62947058619428	-7.907782839855715
124.6	191.9	0.9574608011407104	20.417242958792368	-8.218318543530152
135.2	253.4	1.0327037032661741	19.566879801056732	-8.663065709420378
82.9	107.5	0.8621379561316047	20.185269745916603	-8.056830912433368
84.3	99.6	0.8016473334285007	19.521426297856333	-8.043807918196157
46.6	177.5	1.0054731059698179	19.473762176247586	-8.84916241548019
69.1	295.9	1.0477994064984548	20.897177412473123	-8.231440179455381
138.6	258.4	1.1039833292109527	19.219396623059314	-8.822883890492665
85.2	62.4	0.8750341886748164	20.167731922264284	-8.034983943606301
104.9	216.0	0.8996668020393087	20.903558150953167	-7.895487982650908
127.6	71.7	1.0050599101012154	19.28630635491707	-8.331817963246772
34.0	84.2	1.1803236485792452	20.957523721360417	-9.22607960211504
109.4	222.2	0.8107558335807198	17.141311065147004	-7.907427441263012
61.0	188.3	1.0597027976027777	19.494704506331786	-8.403284360774222
114.3	280.1	0.9982993062056392	19.835993745915225	-7.958963871365079
102.7	257.2	1.0585965241291544	21.508630664628217	-7.899315082283913
18.2	359.2	0.871615659313949	20.45456399435854	-9.413843979353542
160.0	211.6	0.9820259935245027	17.91015123538762	-9.583814792488967
84.7	327.5	0.9330845523888619	21.479519311055842	-8.039892464534296
119.8	146.7	1.025369204342584	20.052084248393026	-8.07238047019993
25.6	300.9	0.9625944950682593	20.004087993978406	-9.368970406263564
113.9	322.1	1.0287123309357857	21.80739609055226	-7.9528915982229575
93.6	175.9	0.9972664645039759	20.286280367269974	-7.957304336065991
147.1	182.1	1.0291969833738484	18.7501000483778	-9.199013153707659
107.2	283.8	0.9443493067512639	19.98731014111502	-7.897949100253867
37.1	105.0	0.9873393517471647	18.69853006207621	-9.146674453949316
123.6	149.2	0.9283748049017976	19.126111941110363	-8.185565499183674
30.9	310.1	1.2223075752421482	20.26096142220622	-9.28986016734677
28.4	255.8	1.130486249451309	19.967678077567044	-9.332112856722993
103.2	291.0	1.13197028705629	19.89839963713259	-7.898194176070552
41.6	196.2	1.0075129058350496	19.982988898779787	-9.015682533561375
149.7	315.4	1.0225692426677233	19.57391944351101	-9.295041170021602
69.3	271.6	0.9275318473378881	21.402069265089107	-8.226781670641389
60.8	267.0	0.9565217191066986	17.772445539578733	-8.408589776557479
69.9	131.8	1.0229035604112438	19.998980804946644	-8.217293421148284
70.3	246.6	0.989754611844735	20.451578466433567	-8.210506016834275
58.5	306.8	1.1145350393848017	19.22283376332685	-8.470603569387567
128.0	69.0	1.0909556445966615	19.20510737492933	-8.347315495231282
155.4	76.9	0.9412890412040243	21.35488942345458	-9.478031365868867
92.4	321.6	0.8621516975891108	20.461250671184438	-7.968314328175702
45.8	241.6	1.0846860921275807	22.001945925949325	-8.87717770966826
120.7	19.1	0.9782715796576691	20.869122675867875	-8.095636155489704
114.6	278.2	1.0467030496540306	18.979631937056983	-7.9629685544353235
111.0	122.0	1.0543084393976139	19.641109495113003	-7.919733404552056
128.7	71.6	1.1717068622386142	19.078786989827066	-8.375589512416898
87.3	299.0	1.2182660860239785	19.92165893903735	-8.014937785553691
95.8	63.2	0.9102825835723982	20.424463715445544	-7.939632756322496
29.5	180.7	1.1230791203926578	19.45233905885135	-9.315622245769502
145.9	83.7	1.1664572774849702	19.003088903818067	-9.147476040934322
66.9	15.3	1.0273633133081328	19.576791905738077	-8.270270354441754
48.3	203.1	1.0295587802934365	21.488011824593677	-8.7923523422799
133.0	244.2	1.157905524295535	20.23194973705076	-8.564422535247875
134.2	35.6	1.0870248756427474	19.034043250296058	-8.617310903079215
27.8	139.5	0.8996195994763454	20.20467214335865	-9.341536029322295
176.8	63.6	0.9776911348430584	21.03770192822043	-9.742745438670461
123.3	124.6	0.9316403398539679	21.327205861948293	-8.176862011758072
25.1	252.2	0.8401269783493457	19.96393955815882	-9.373772502272528
108.8	355.3	0.939359467995258	20.363164596938304	-7.904172196124889
128.0	182.2	0.9472385715515607	19.43747575731646	-8.34989160352051
13.3	158.9	1.059260568889559	20.223603720708166	-9.414855264966734
44.4	58.2	0.8692370189647824	21.679447107046915	-8.922716316011535
92.7	139.0	0.7926412640437454	20.318244336939554	-7.9656289667582785
19.8	102.0	1.1891937067336338	19.754545012553262	-9.409494845394965
74.6	18.2	0.8300776112254881	20.778451699767228	-8.148962337093963
60.2	208.0	0.8857977584119121	20.338435055468633	-8.424328979585066
122.8	351.8	0.8776167078228837	21.39467151293498	-8.158347839509982
30.5	222.1	1.0775716943304574	22.322734062595217	-9.297227336558807
34.8	261.9	1.0729988222400801	18.95462323831776	-9.20751862905475
90.8	259.7	1.0886616828411706	19.87818342310886	-7.982223626935283
67.2	151.4	1.0166567929806407	21.207061830762633	-8.26447217727095
65.2	79.7	1.0383003138148488	22.367338375020196	-8.304867717169394
140.6	141.6	1.1227425491063514	19.493180958729678	-8.914755083257297
84.5	152.2	0.9869964631632681	19.537171379580307	-8.041723719320698
127.4	144.9	0.9669824645962581	20.203916012674615	-8.325064353884493
147.9	278.0	0.9740059033821205	19.939707164328237	-9.228014871016136
133.0	274.3	0.8595395754055506	20.39684336321854	-8.563467103056096
41.0	85.5	0.9422666601767246	19.765671736647406	-9.03450295676168
66.3	186.3	0.8381925019833644	22.282201092805554	-8.283422319689876
51.9	38.1	0.9788029824374377	19.409408265034045	-8.672818800985093
41.0	66.9	1.083754217606359	18.83138471442778	-9.03371502710024
147.2	155.6	0.9761235396630847	22.12845190570921	-9.199166862379844
45.8	128.7	1.0519335719993637	18.21257197504174	-8.878893019589203
110.1	343.2	1.1627295142591216	21.17287278933273	-7.91238839055385
83.1	183.3	1.115233695858361	19.82983517231661	-8.055263626679821
68.2	237.0	1.1457523803858174	20.12513410176374	-8.24584955081522
104.2	301.1	0.9881097655273181	19.362413349144244	-7.896110183166709
128.1	11.1	0.9456677437266265	20.457707886248865	-8.354189653393066
161.0	341.8	1.1858369728886384	20.238290948577564	-9.603025420367441
125.3	86.5	0.9900471974934125	19.710916869155447	-8.245059662862818
60.6	305.8	1.058374141012813	21.216342063757747	-8.411869815531043
90.2	227.1	1.0710874502802221	19.96782568392239	-7.987930234110855
48.9	260.2	1.1500761734685174	20.229031088511	-8.774189334503122
126.0	335.8	1.15043376968553	20.34950064646662	-8.272370003530304
43.0	211.0	1.0152653269948135	20.654202937419893	-8.970596017790063
119.5	82.4	1.0279407278394288	17.31281867937047	-8.063777129459412
106.6	146.4	1.0340641061349032	20.343644022869498	-7.896470876166594
106.2	332.7	1.046840948196628	18.772838371989874	-7.895994048713605
30.1	193.2	0.8088594829595865	20.97128163460481	-9.305205086053586
68.6	219.9	0.9463961217452033	19.81193497287172	-8.239768292940798
79.3	220.4	1.1453760660523669	20.074850007701514	-8.094032757603395
86.1	118.6	1.0274459320049578	19.469999931205685	-8.026636694263965
95.7	260.5	0.8519394774638889	21.96465645198536	-7.9399437797311
62.1	183.1	0.862733234218104	19.84905200607965	-8.375179624184504
80.2	22.5	0.8728514996618842	18.523312500828048	-8.084913980651322
156.5	86.1	1.0225125414141405	21.20348114047419	-9.505354380813483
82.4	25.1	0.9443149526980363	21.50611653618286	-8.061774734870914
113.9	19.8	0.8685124575233788	19.12963276724657	-7.953257481864092
130.5	297.7	0.9015651835473871	18.752505619498212	-8.451595516171432
98.5	77.7	0.9607805051737599	19.817130551219307	-7.920194256720292
116.8	153.4	1.115915592168358	20.082103409570045	-8.003668461893813
156.0	296.0	0.9103356592004201	21.528737852650504	-9.49160664729565
89.9	249.5	0.875473445270342	19.387011961541518	-7.990411540834964
62.0	349.9	1.0091778970773826	20.12270132839661	-8.377103066100709
137.1	5.2	0.9410289576548242	19.78103644470038	-8.752947010230825
166.0	334.4	1.1415840113617541	20.548189764568978	-9.677010468680457
84.4	318.0	1.1090915407659303	19.447940020934418	-8.043070983678428
111.5	119.1	1.0075747993030932	18.570604221283396	-7.92417778478727
61.1	305.0	1.084204517405501	17.158703634113373	-8.399903379316093
92.2	226.9	1.0085335003926441	19.211016155184367	-7.969713437310016
95.3	92.7	0.9317657939462903	21.221505116114738	-7.943850614572332
113.2	89.6	1.0034264364138257	20.141472618558094	-7.9438428211987215
114.4	104.5	1.0596137390240825	18.92481381235117	-7.960055308030879
117.1	124.4	1.1106406764736936	20.74774216364348	-8.008866577378619
153.3	74.6	1.0447244316974007	18.774210566036178	-9.415151722904078
147.1	265.5	1.047713295221005	21.432874053865927	-9.198909614732033
62.0	177.1	0.8767445822379119	17.692155453055527	-8.377056996331728
122.3	319.7	0.8519879149244577	20.948615575985084	-8.143334589747367
79.8	306.4	0.9884949738566555	22.023794750704578	-8.088801035193903
144.2	288.1	0.9350655760121166	21.287074148327715	-9.07608437522097
48.4	198.2	1.104687584463408	19.5543488815686	-8.789678458319724
64.9	41.0	0.9001563557026555	20.462199680319717	-8.310647903810095
85.0	134.7	1.2246196832691068	19.932393644495612	-8.036955096042847
88.8	295.3	0.9697537522551775	20.709318787143776	-8.000527967922062
104.9	95.2	1.1637175001335738	18.893464062617877	-7.895488068472408
51.9	209.5	1.0896452921869033	20.869775606899122	-8.67394344277479
101.0	141.7	0.8728258022432609	21.184937613607694	-7.9059732097503055
51.0	168.7	0.9632316067276565	19.62021277166608	-8.7037011742842
98.1	84.0	1.1073175122080758	20.445992454274286	-7.922902392826873
5.8	347.8	0.9166438315348483	19.73464561806545	-9.400465694190649
124.0	339.2	0.8768679282559152	20.496601822437306	-8.197454267708508
55.5	277.2	1.0457449176785094	20.468149064559967	-8.556883219001419
153.7	258.8	1.0691146275679058	19.37861714356392	-9.427807975285015
72.8	250.7	0.893167788308711	21.596364135108118	-8.173190957483227
41.6	282.0	0.931379897397489	19.503680449238512	-9.016350982510849
133.6	294.7	0.9879235248302644	20.775479073728242	-8.590654129130622
44.7	134.8	1.0636810345963066	20.36982668247531	-8.915688510032417
123.7	203.0	0.8729328397451153	18.990535100615443	-8.187319761149165
42.0	182.4	1.087447879011622	19.738626437171412	-9.002529383196055
25.3	207.7	1.2261788003372205	20.5131080789574	-9.371769583392702
11.6	273.6	0.9815001115992292	18.99222755355501	-9.412286003673858
86.9	156.8	1.1837758967629934	19.903895672484005	-8.018960800879585
171.7	152.7	1.1497346324996025	19.469121610002396	-9.723761359304028
118.8	274.1	0.9047832396510703	19.482106162828195	-8.047366112498835
54.2	273.7	1.2060774445657114	20.156110493053763	-8.598905127304405
18.7	210.9	0.9668446922395256	19.085344567005922	-9.41280359556589
25.7	310.7	1.030564856848576	19.704156081430877	-9.367679898793988
106.0	103.4	1.0813846970089425	20.446302988640056	-7.89575182841287
57.3	234.8	0.9030497029425097	19.849377214911918	-8.502719136208649
106.6	272.5	1.0890305791174726	18.961336238033372	-7.896563418285468
76.9	343.9	0.7085607941275973	18.64488493522819	-8.120803758426867
28.4	195.4	0.9662208109904237	19.8836810517896	-9.333323110934556
74.3	9.3	1.0972335358502716	19.173972466377037	-8.152568633575084
60.3	211.5	0.9849048121497412	21.03614508744899	-8.420817323948878
119.9	152.4	0.9602717176490668	18.36588605175443	-8.075236749063409
60.1	305.5	1.0565699700646072	20.65129157334763	-8.427124401632739
150.3	52.8	0.9572333310842958	19.4465408530552	-9.31820419694355
130.6	198.4	1.0357018266353333	18.458118302778242	-8.456460445231661
105.8	179.2	0.9031513894795596	21.024223496345037	-7.8955866516456945
145.3	86.5	0.923017045564246	20.462943362153453	-9.123588208415221
15.9	208.0	0.9576847852911698	18.85308106689981	-9.416278738048764
81.1	319.6	0.9450137160692041	19.380511878839393	-8.07546946736212
102.5	204.9	1.051347956819284	20.451662335267713	-7.900052038647056
108.1	1.6	0.9382246262581206	19.355500358891003	-7.900829547235982
94.8	11.1	0.9509593112032352	20.885645698167508	-7.947448474018359
94.0	181.4	1.1864903656287098	21.05937683038742	-7.954645004313915
56.3	4.6	1.0656307929166775	18.995130476071527	-8.532946171745
116.0	42.2	0.7863848063647884	20.066358818017655	-7.9883472603527235
62.6	122.4	1.0192383635980689	20.437228246078654	-8.362166316855506
99.2	141.8	0.9404872029169917	19.137461397572096	-7.915447418063432
174.2	145.8	0.9329839823306162	20.367033217297177	-9.735583545157791
98.3	32.0	1.110744790587225	18.919687292851794	-7.921121819545531
100.5	330.2	1.1620167470413028	18.726863479995046	-7.908245640172318
49.6	334.8	1.050507781863126	20.83975038502939	-8.750360133682003
113.9	27.2	1.006886886373993	20.439282804506888	-7.953526531530525
159.3	56.6	0.981047062141888	19.85373601764144	-9.570921880261281
105.4	3.3	0.8244629910184765	18.857886777292293	-7.895411682643666
66.2	93.6	1.1330739177035403	20.590132181785737	-8.284290179608439
109.7	151.0	1.0056967701394115	19.71396176346442	-7.909690825317411
62.4	321.6	1.0795142321379159	18.55234267984492	-8.36925752230793
127.7	311.0	0.8278849122295449	18.68954628980814	-8.338254815543054
114.3	248.4	0.8172487476896505	21.9532166207333	-7.958201070243051
86.1	218.5	0.9499485416020561	21.23358509410251	-8.025853458259048
80.5	143.3	0.9448663292730252	21.133394558439214	-8.08152958973833
102.9	286.0	1.058768875624507	18.734954689825308	-7.898843247302304
30.7	74.1	0.7440925629760178	21.271849541511134	-9.294425632376088
147.5	310.5	0.9991838323796453	19.174377362076175	-9.214372847758163
58.8	214.6	0.8969145833472724	19.171741812128566	-8.46161128788584
140.3	62.0	1.0112681844322586	20.865782446291693	-8.901034832909081
75.0	304.2	0.9470196737114781	19.611704698510636	-8.144248617739686
25.7	284.4	0.9943441157438085	20.09219471806474	-9.367072409646125
143.7	157.2	1.0489246160570402	20.93979013211069	-9.05459094187958
82.9	34.0	0.9400185830859115	20.018139781657112	-8.057706931637457
125.9	224.0	0.9087853532693493	17.966770976355868	-8.266801622825918
13.5	22.9	0.9647355164126236	19.156808603445306	-9.415039146142819
167.8	316.2	1.1389358136811925	20.706474920995056	-9.694920877214608
94.8	246.7	0.8805240650995666	21.414643492983014	-7.947747502700221
13.6	300.7	1.162676577261534	19.553331161014857	-9.415166267310079
79.3	354.6	1.0657882898102653	19.829396517855788	-8.093601350016423
107.3	7.4	1.1697440535239516	19.80142428192018	-7.898076897070426
50.9	236.6	0.9995522624576646	20.10866333939832	-8.705163911489068
50.1	52.5	0.9766106437547349	19.7940738362897	-8.733143430588756
120.7	320.5	1.1297540928657355	19.186827792632958	-8.09685710072122
40.7	110.2	0.9790574895928419	18.994751668944527	-9.042817941115821
84.4	265.4	1.030032790404321	19.18687745310909	-8.042694940330348
136.9	153.7	0.973283402027686	18.93398399535763	-8.743100236681384
98.2	207.6	0.9976967460104315	20.484302700408772	-7.922301284898749
48.6	166.6	1.1112767569162865	17.77161310877926	-8.78413279925141
21.2	316.6	1.0477274844376248	19.010254232924645	-9.403247593108402
114.0	198.0	0.9106456285651503	20.305464503672365	-7.953781776416566
141.3	139.3	0.9737999611540283	20.304047223463296	-8.949620307413545
43.4	127.2	0.893823905813323	18.849880450503395	-8.957865057781142
82.9	131.9	1.0906363717844154	19.60149223565568	-8.056916450736459
30.5	224.9	1.1644396841864115	20.174728384565796	-9.298194546582929
109.1	356.1	1.028623333152404	19.16884394832727	-7.905887112827178
170.2	192.2	1.025204075085554	18.733923404716357	-9.71472937911045
157.7	101.3	1.0317036455528188	20.138465501465816	-9.534757408104047
84.3	134.1	0.9977058443090241	19.5472043362396	-8.04403194667655
49.2	300.5	0.9886905132403645	19.764097112663336	-8.76398696185082
115.2	302.1	0.9518167021277638	19.9234913590542	-7.972606225425951
157.3	250.1	1.1288327332100596	20.563362998425713	-9.524518720468256
100.8	124.3	1.0510639888141549	20.764893225331118	-7.906712660398786
111.9	135.2	1.0906775323268267	20.990043808607414	-7.928004719018681
66.7	267.2	0.9741285259388854	19.775573474879785	-8.274335878723718
132.0	292.7	1.1431919964172266	21.09250902692725	-8.519722056349826
68.8	316.1	1.0660709154540833	18.946892532706926	-8.23505621355744
15.4	322.1	0.9980465950674666	20.247950189631588	-9.4162993032242
65.4	127.1	0.9535106922574289	20.528713130160927	-8.299975876822812
44.3	357.7	1.0156046545304054	20.376507904447315	-8.9260545606962
38.5	188.0	1.0963771747277216	20.125273105583783	-9.108276668035922
108.9	169.0	0.8690174497176875	19.109334220681983	-7.904561637771742
76.8	118.1	0.9101996781389721	20.974008810796413	-8.1222900497364
73.8	242.3	1.0267267310601265	19.63772743819893	-8.159560915688882
147.2	63.2	1.121430928665016	18.80368085012623	-9.202559173838365
73.6	53.6	0.9919729729247616	21.127737108413168	-8.16147658217585
121.0	116.3	0.7955785338679795	19.74762462317925	-8.104845068437447
86.0	255.0	1.0848799807933733	19.40258182327789	-8.027354422706981
76.5	316.8	1.0645491240306073	18.799876022835214	-8.125595581600662
104.6	30.0	0.8578053862863667	17.83948873417022	-7.895729510138006
89.2	111.9	0.8801125269002189	19.273279960693007	-7.997026741940324
99.0	287.4	1.1149353765488694	19.93575934841902	-7.916998992238308
132.9	33.9	0.9987384976296263	20.00000054225348	-8.557675022333854
69.5	289.1	0.9296802572177751	19.41576588453335	-8.223436166236654
132.0	202.4	0.9196019080863195	22.55539943930445	-8.517883506734805
99.9	51.5	1.0297717438711618	21.134680374182583	-7.911804707514022
113.0	2.8	0.9690004180477347	18.40115258799893	-7.9405406878664495
128.0	276.8	1.0191355429353557	18.61500194859746	-8.34796289528414
103.4	345.9	1.1035271503854456	18.54281421926913	-7.897604863919299
137.2	159.7	0.9946658901758957	19.274339034836462	-8.757056787986672
87.5	95.3	0.7061528610188407	19.06336569434823	-8.012776857563555
65.2	26.0	1.075882304093395	19.094837605472406	-8.305070167000336
96.4	63.5	0.9392370373337727	20.206094331609194	-7.935120071524345
95.4	198.7	1.1199971646232911	21.233900144237012	-7.942915948066509
48.0	334.3	1.135791540476212	19.543794637254667	-8.804232717460696
77.3	2.2	1.2035400015308495	19.412110003980285	-8.116302972391576
80.6	7.0	1.044510237760178	20.87135386521749	-8.080915378425342
130.2	170.4	1.0549654634851446	18.72267318234237	-8.439023183187821
18.7	101.4	0.9892286988643699	19.92703971507991	-9.41262701311945
6.4	174.4	1.1120598832357915	19.98271222581472	-9.401532162257123
50.8	300.9	0.9579654844299452	18.31583346861092	-8.709190731048569
127.1	78.3	1.0171344416348467	19.126149521824853	-8.313110655142765
98.0	354.0	0.8902888440895153	19.403477186962427	-7.92361138385964
49.0	60.2	1.0179698509964616	21.079375981633795	-8.770922522965504
81.5	96.9	1.010841617182754	16.981769870515066	-8.071231736750622
72.7	237.1	0.9618349274040612	18.318398080263734	-8.1748516841409
144.9	133.5	0.8998147454714613	20.885272727460663	-9.105224128633015
89.5	101.4	1.0770598418100583	18.074732499442007	-7.994574283728244
129.6	303.1	0.957884537945883	18.91559433450834	-8.416553953769833
34.1	263.7	0.990122339321615	18.661244454287026	-9.224093811648986
113.9	4.3	0.9972177202155768	19.93606374572757	-7.952939713664805
12.3	287.0	1.044104937237689	21.584804766613267	-9.413381764183542
125.7	273.3	0.8916828347822304	20.747372191361993	-8.257904151471564
105.8	99.1	1.015317184210056	20.245552278176145	-7.895558771356464
158.9	116.5	0.8876198430624349	20.62836923529445	-9.561882840858027
49.3	38.2	0.9552917253451919	20.482083071493804	-8.75967255673805
